baseline: 0.1
calibration_time: 2016-07-13-19-05-14
gain: 0.30000001192092896
k: 27.0
limit: 1.0
radius: 0.0318
trim: 0.02500000037252903
